
11111111
1
11111111
2
11111111
3
11111111
4
11111111
5
11111111
6
11111111
7
11111111
8
11111111
9
11111111
10
11111111
11
11111111
12
11111111
13
11111111
14
11111111
15
11111111
16
11111111
17
11111111
18
11111111
19
11111111
20
11111111
21
11111111
22
11111111
23
11111111
24
11111111
25
11111111
26
11111111
27
11111111
28
11111111
29
11111111
30
11111111
31
11111111
32
11111111
33
11111111
34
11111111
35
11111111
36
11111111
37
11111111
38
11111111
39
11111111
40
11111111
41
11111111
42
11111111
43
11111111
44
11111111
45
11111111
46
11111111
47
11111111
48
11111111
49
11111111
50
11111111
51
11111111
52
11111111
53
11111111
54
11111111
55
11111111
56
11111111
57
11111111
58
11111111
59
11111111
60
11111111
61
11111111
62
11111111
63
11111111
64
11111111
65
11111111
66
11111111
67
11111111
68
11111111
69
11111111
70
11111111
71
11111111
72
11111111
73
11111111
74
11111111
75
11111111
76
11111111
77
11111111
78
11111111
79
22222222
79
22222222
78
22222222
77
22222222
76
22222222
75
22222222
74
22222222
73
22222222
72
22222222
71
22222222
70
22222222
69
22222222
68
22222222
67
22222222
66
22222222
65
22222222
64
22222222
63
22222222
62
22222222
61
22222222
60
22222222
59
22222222
58
22222222
57
22222222
56
22222222
55
22222222
54
22222222
53
22222222
52
22222222
51
22222222
50
22222222
49
22222222
48
22222222
47
22222222
46
22222222
45
22222222
44
22222222
43
22222222
42
22222222
41
22222222
40
22222222
39
22222222
38
22222222
37
22222222
36
22222222
35
22222222
34
22222222
33
22222222
32
22222222
31
22222222
30
22222222
29
22222222
28
22222222
27
22222222
26
22222222
25
22222222
24
22222222
23
22222222
22
22222222
21
22222222
20
22222222
19
22222222
18
22222222
17
22222222
16
22222222
15
22222222
14
22222222
13
22222222
12
22222222
11
22222222
10
22222222
9
22222222
8
22222222
7
22222222
6
22222222
5
22222222
4
22222222
3
22222222
2
22222222
1
